ENEMIES
1,300,130,
1,391,131,
1,873,126,
1,1163,83,
1,1219,84,
1,1903,185,
1,2965,97,
2,907,183,
2,1422,169,
2,1450,189,
2,2399,163,
2,2672,162,
2,2990,167,
3,1067,93,
3,1156,196,
4,2728,140,
6,1574,155,
6,1611,187,
6,1659,186,
8,521,157,
8,647,191,
8,1482,111,
8,2087,117,
8,2273,93,
8,2468,95,
8,2672,126,
ITEMS
300,352,119,310,
300,443,157,320,
300,698,170,330,
300,998,151,380,
300,1150,90,320,
300,1387,151,340,
300,1497,149,310,
300,1676,104,390,
300,1821,88,330,
300,2076,139,340,
300,2183,149,310,
300,2359,118,320,
300,2491,122,330,
300,2619,131,380,
300,2825,150,320,